gis
2.969
3.068
2.930
2.814
2.997
2.862
3.122
3.380
4.735
3.041
3.145
2.892
3.158
2.884
2.997
3.018
2.940
2.969
2.988
2.959
2.871
2.890
2.971
2.879
3.218
3.002
3.216
4.878
3.149
3.192
2.959
2.918
2.986
3.030
2.966
2.861
2.820
3.184
2.979
2.806
2.856
2.996
2.993
2.888
3.010
2.984
4.360
3.954
2.985
3.009
3.016
3.042
2.856
2.959
3.035
3.119
2.947
3.002
2.965
2.941
2.996
2.975
2.994
2.981
2.913
3.169
4.754
3.192
2.898
2.992
2.839
2.857
3.500
2.973
3.051
3.014
3.164
2.945
2.956
2.871
3.025
2.889
2.899
3.059
3.047
5.906
4.272
2.987
3.327
3.009
3.162
2.933
2.982
2.896
3.027
2.836
2.951
2.899
3.226
2.833
