git fetch
17.651
19.625
17.115
17.059
19.062
16.909
16.957
18.169
27.558
25.508
19.076
17.040
16.376
18.190
19.458
16.680
16.201
20.747
16.391
16.920
19.155
16.457
16.796
16.526
18.945
17.323
16.284
18.639
16.954
16.961
17.312
19.676
16.714
16.949
19.481
16.751
17.567
19.572
16.689
17.479
17.011
19.032
16.632
17.366
19.279
16.772
17.127
16.636
19.168
17.550
16.547
21.785
15.890
16.900
19.676
16.077
16.162
16.935
19.600
17.670
17.472
18.083
17.305
17.429
17.919
19.193
16.962
16.840
19.767
17.482
16.192
19.107
16.706
16.466
16.566
18.268
16.210
16.900
19.215
16.950
17.458
16.541
19.407
16.928
16.372
21.531
16.529
17.291
19.176
16.042
17.231
16.790
19.301
16.849
16.538
18.917
17.351
17.211
16.707
19.460
